191 416
1 2 7
1 3 5
1 10 9
1 11 2
1 14 9
1 52 2
1 99 7
1 161 7
1 62 7
2 5 4
2 7 10
2 15 4
2 18 1
2 38 6
2 57 8
2 129 3
2 158 6
2 50 4
2 94 3
3 4 9
3 30 6
3 53 7
3 151 3
3 69 2
4 9 8
5 6 5
5 37 5
5 81 8
5 18 10
6 29 2
6 49 8
6 60 5
6 68 8
6 45 4
6 176 6
7 8 5
7 69 9
7 133 3
7 157 2
7 128 7
8 27 2
8 136 2
8 97 2
9 36 7
9 50 8
9 67 7
9 130 5
9 128 2
9 142 7
10 25 8
10 42 5
10 103 4
11 12 5
11 32 2
11 65 1
11 104 10
11 56 8
11 52 6
12 13 6
12 20 5
12 106 5
12 151 8
12 190 1
12 44 3
13 21 3
13 33 6
13 108 4
13 167 6
13 145 10
14 16 3
14 19 5
14 155 3
14 71 3
14 115 10
14 78 6
14 157 4
14 122 6
15 48 6
15 149 6
15 135 9
15 87 3
16 17 9
16 51 9
16 59 10
16 111 9
16 186 4
16 26 7
16 132 5
16 97 6
17 107 6
17 122 7
17 90 3
18 23 5
18 68 5
18 81 8
18 89 5
18 98 8
18 52 7
18 61 2
19 22 4
19 72 4
19 181 3
19 93 5
19 171 2
20 31 4
20 70 5
20 101 4
20 184 4
20 82 4
21 24 3
21 64 4
21 74 10
21 94 1
22 88 8
22 43 10
22 100 1
22 121 1
22 185 7
23 28 5
23 44 4
23 55 8
23 134 6
23 158 8
23 105 9
23 138 5
23 123 6
24 185 2
25 26 3
25 90 5
25 112 4
25 156 10
25 179 6
25 126 4
26 126 7
26 146 2
26 54 8
27 40 9
27 96 1
27 162 4
27 36 10
28 72 10
29 132 6
29 184 7
30 46 7
30 92 2
30 154 8
30 44 2
30 86 3
31 103 3
31 145 10
31 118 10
31 50 4
31 115 4
32 35 1
32 152 6
32 89 10
32 66 2
32 104 5
32 121 4
33 34 7
33 47 5
33 63 1
33 94 5
33 52 1
33 148 3
34 54 6
35 41 2
35 115 5
35 92 8
35 93 10
35 95 6
35 113 8
35 143 4
35 37 9
36 39 1
36 56 10
36 58 9
36 183 7
36 158 2
36 72 1
37 73 8
37 46 9
37 155 5
37 66 4
37 86 2
38 43 6
38 94 7
39 48 5
39 165 8
39 159 3
40 80 10
40 166 5
40 89 9
40 129 9
41 45 1
41 66 9
42 62 3
42 77 6
42 105 2
42 169 1
42 177 7
43 102 3
43 190 8
43 122 8
43 47 2
44 112 7
44 187 9
44 165 1
44 85 5
45 109 7
45 135 3
45 77 6
46 76 8
46 79 9
47 78 7
47 167 10
47 179 3
47 150 3
47 97 6
47 76 1
48 61 5
48 139 8
48 142 10
49 79 3
50 75 4
50 144 8
50 112 9
51 66 1
51 99 4
51 184 7
51 166 4
51 155 9
52 92 9
52 134 7
53 87 1
53 117 3
53 160 2
53 108 4
53 147 4
54 184 10
55 91 9
55 97 2
56 114 2
56 182 1
56 124 1
56 116 9
56 138 7
56 95 8
57 138 10
58 135 8
58 149 9
59 153 10
59 188 10
59 135 2
62 82 5
62 123 3
62 144 6
63 121 6
63 167 3
64 119 4
64 72 3
65 106 2
65 125 6
66 143 9
66 82 2
66 188 3
66 151 10
67 71 6
67 85 5
67 74 3
68 131 9
68 117 9
69 86 4
69 120 5
69 177 9
69 83 10
70 75 7
70 82 10
70 78 10
71 84 8
71 183 2
71 172 3
71 73 5
71 156 10
71 168 10
72 163 4
72 147 8
73 131 5
73 173 10
73 190 10
73 121 2
74 83 9
75 116 8
75 164 5
75 124 10
77 162 6
77 89 10
78 136 8
78 101 4
79 93 6
79 166 2
80 133 1
81 140 4
82 185 8
83 110 9
83 180 1
83 90 2
84 155 2
84 115 6
87 100 2
88 128 8
89 118 2
90 146 9
91 178 4
91 172 7
92 118 8
92 138 8
94 95 10
94 159 8
94 139 4
95 148 5
95 191 6
95 159 1
96 147 3
96 177 2
96 191 9
97 137 1
97 114 4
97 154 2
97 161 8
99 180 8
99 132 1
100 120 6
100 191 5
101 141 3
101 121 4
102 185 8
102 168 10
102 167 7
103 150 4
104 109 10
104 128 10
105 127 5
105 172 4
105 170 4
106 121 4
107 113 7
107 121 8
107 190 1
107 147 1
108 187 5
109 166 9
110 127 8
110 117 4
111 185 7
112 171 1
114 124 6
115 120 3
115 171 4
115 187 7
115 170 8
116 155 8
117 142 3
117 148 3
117 172 6
117 144 4
118 159 7
120 168 1
121 128 2
121 132 3
121 127 5
122 142 5
122 128 3
126 187 8
127 176 4
128 148 1
129 162 7
130 140 4
132 151 6
132 150 1
132 158 3
132 156 8
132 178 1
133 144 3
134 184 10
134 146 4
135 136 2
135 165 1
136 172 2
137 174 4
139 175 6
140 152 8
141 146 5
141 150 9
141 172 6
142 189 1
143 184 6
144 182 2
147 159 8
147 167 1
147 163 2
149 152 7
151 152 8
151 185 8
152 175 3
155 167 8
156 190 6
158 164 10
158 185 7
159 162 4
161 166 1
164 183 9
165 170 1
166 176 3
173 191 7
185 186 3
10
5 8
9 9
1 7
4 7
9 1
1 5
6 3
1 5
8 10
10 5
